0.001 5.162835154828099e-05 2.5737095017468703
0.0011497569953977356 6.824970120288629e-05 2.9591405032325326
0.0013219411484660286 9.022179277731212e-05 3.4022924931621485
0.0015199110829529332 0.00011926787010595417 3.911809593195221
0.001747528400007683 0.00015766369396013802 4.497630442605395
0.002009233002565048 0.00020842136714394334 5.1711820613106685
0.0023101297000831605 0.000275522912904176 5.945602745228642
0.0026560877829466868 0.0003642251868433269 6.835998341740346
0.0030538555088334154 0.00048148425030066785 7.859736904151616
0.003511191734215131 0.0006364898276065077 9.036787472651604
0.004037017258596553 0.0008414020945938084 10.390109589983771
0.004641588833612782 0.0011122841160702104 11.946101149652517
0.005336699231206312 0.0014703740940325374 13.73511331228672
0.006135907273413176 0.0019437479964023931 15.792042533958975
0.007054802310718645 0.0025695204106899027 18.157011254321656
0.008111308307896872 0.003396754804031601 20.87615052169373
0.0093260334688322 0.0044903098469270646 24.002499820423246
0.010722672220103232 0.00593592517893907 27.5970416517066
0.012328467394420659 0.007846943513312563 31.729891047106104
0.014174741629268055 0.010373197004155604 36.48166321545175
0.016297508346206444 0.013712755098103784 41.94504599746411
0.01873817422860384 0.018127453855567476 48.22660779586343
0.021544346900318846 0.02396342489837178 55.448876239557976
0.024770763559917114 0.031678233196688874 63.752728117863505
0.02848035868435802 0.04187675198984047 73.30013718689456
0.03274549162877728 0.055358589310235226 84.27733342265061
0.037649358067924674 0.07318077311762375 96.898435308425
0.04328761281083059 0.09674062792422904 111.40962595206395
0.049770235643321115 0.12788533540101418 128.09395440749944
0.05722367659350217 0.16905675900656225 147.27685572607524
0.06579332246575682 0.22348286220087663 169.33249721563212
0.07564633275546291 0.295430800255102 194.69107439936184
0.08697490026177834 0.390541447487842 223.8471985363093
0.1 0.5162716145571056 257.3695386218792
0.11497569953977356 0.6824786026848709 295.91190489865875
0.13219411484660287 0.9021928984020412 340.22598848201415
0.1519911082952933 1.1926395388941773 391.17600318250425
0.1747528400007685 1.5765881374470012 449.7555114553814
0.2009233002565048 2.0841372587975826 517.1067571026188
0.23101297000831605 2.7550727712482996 594.5428733503416
0.26560877829466867 3.6419845983765398 683.5733866074823
0.30538555088334157 4.814385394750337 785.9334938085009
0.3511191734215131 6.364152596112268 903.6176546949054
0.40370172585965536 8.412717954344563 1038.9181091429891
0.4641588833612782 11.120563760676177 1194.4690023265862
0.5336699231206312 14.699762469975573 1373.2968744292
0.6135907273413176 19.43052922202969 1578.878342038959
0.7054802310718645 25.68306122055186 1815.2058573186855
0.8111308307896873 33.94633474942604 2086.862465684992
0.9326033468832199 44.86604534949858 2399.1064727779744
1.072267222010323 59.29454013608224 2757.9668455864526
1.232846739442066 78.35643842146983 3170.349962974365
1.4174741629268048 103.53471066504203 3644.157926032527
1.629750834620645 136.78330420438994 4188.417933378525
1.873817422860385 180.6740314003806 4813.421068796923
2.1544346900318843 238.58730394245535 5530.867024603126
2.4770763559917115 314.9583903048787 6354.008503015518
2.848035868435802 415.59296208393084 7297.784920929637
3.2745491628777286 548.0674018538243 8378.929141832012
3.7649358067924674 722.2299601053835 9616.022777676018
4.328761281083062 950.8172251824038 11029.464779445208
4.9770235643321135 1250.1946671533976 12641.304514584815
5.72236765935022 1641.218300246031 14474.875058525908
6.5793322465756825 2150.1930247276496 16554.147054430014
7.56463327554629 2809.870801104107 18902.712515279003
8.697490026177835 3660.3859304151997 21542.30760771654
10.0 4749.968471441877 24490.803353660485
11.497569953977356 6135.217732274327 27759.642654584284
13.219411484660288 7880.670393581686 31350.786251149493
15.199110829529332 10057.384258297288 35253.35774962545
17.47528400007683 12740.302933994746 39440.31293572669
20.09233002565046 16004.283246230894 43865.60991783412
23.10129700083158 19918.866106428028 48462.43951095724
26.560877829466893 24542.119437578916 53143.031254844536
30.538555088334185 29914.13896897494 57800.603700232634
35.111917342151344 36050.990042652295 62313.453743742655
40.37017258596558 42939.95084331756 66551.20418641302
46.41588833612782 50536.832237587405 70382.61538785961
53.366992312063125 58765.90868463561 73684.18154297257
61.35907273413176 67522.62632731041 76348.53231298014
70.54802310718645 76678.86705788775 78291.64921536228
81.11308307896873 86090.18332412194 79458.15835703549
93.26033468832199 95604.1688937247 79824.04469780672
107.22672220103232 105069.03623753488 79396.86873401293
123.28467394420659 114341.57565528803 78213.79870818532
141.74741629268047 123293.60113277429 76335.79328939029
162.97508346206433 131816.95611284798 73845.20885517559
187.3817422860383 139826.4437260363 70836.65398474249
215.44346900318865 147260.64481997292 67412.05889365434
247.7076355991714 154081.0207876394 63674.89163774882
284.8035868435805 160270.8889025611 59725.28022877032
327.4549162877732 165831.7490742346 55656.217041276934
376.49358067924715 170780.64217793307 51550.92418976493
432.87612810830615 175146.18350087327 47481.23974937954
497.7023564332114 178966.29829555063 43506.86516608849
572.236765935022 182282.87464538147 39675.62640456318
657.9332246575682 185142.99504814367 36023.39031044799
756.463327554629 187593.23735178926 32576.44126939663
869.7490026177834 189679.72697844563 29351.370478121728
1000.0 191446.58478509032 26357.095906670245
