10000.0 4.68691409911957e-08
10476.157527896641 6.195708624527656e-08
10974.987654930568 8.190185895244276e-08
11497.569953977356 1.082667582565642e-07
12045.035402587811 1.4311821066955458e-07
12618.56883066021 1.8918766276742355e-07
13219.411484660288 2.500855497779712e-07
13848.863713938747 3.305840825497057e-07
14508.287784959402 4.3699097359695164e-07
15199.11082952933 5.776433264098175e-07
15922.82793341094 7.635602932320886e-07
16681.005372000593 1.0093054933996381e-06
17475.28400007683 1.3341265374080516e-06
18307.382802953696 1.7634605867746888e-06
19179.10261672489 2.330923363739774e-06
20092.33002565046 3.0809366030806514e-06
21049.04144512022 4.0721984992345e-06
22051.307399030455 5.382267043493868e-06
23101.29700083158 7.113612257983315e-06
24201.282647943834 9.401606764628049e-06
25353.644939701113 1.2425073464853947e-05
26560.87782946684 1.6420205592217935e-05
27825.59402207126 2.169893273453736e-05
29150.53062825176 2.8673145787980688e-05
30538.555088334124 3.788663918782757e-05
31992.671377973846 5.00572126207483e-05
33516.02650938841 6.61321388168022e-05
35111.91734215135 8.736120324616556e-05
36783.79771828634 0.00011539282543449946
38535.28593710528 0.0001524004695275994
40370.17258596558 0.0002012487573853249
42292.42874389499 0.00026571155451809146
44306.21457583878 0.0003507579875018662
46415.88833612782 0.0004629270939815088
48626.015800653535 0.0006108178752569122
50941.38014816386 0.0008057292433574733
53366.99231206313 0.0010624941117781596
55908.10182512223 0.0014005641039727473
58570.20818056673 0.001845416510081877
61359.072734131754 0.0024303736656683494
64280.73117284319 0.003198947229093989
67341.50657750828 0.00420784605798523
70548.02310718645 0.005530816269599038
73907.22033525775 0.007263514600894635
77426.36826811278 0.009529649088432329
81113.08307896872 0.012488650084978637
84975.34359086439 0.016345152357693193
89021.50854450393 0.021360563544715997
93260.334688322 0.027866947116246373
97700.99572992246 0.03628333170860608
102353.10218990268 0.04713433391116461
107226.72220103232 0.06107059419659178
112332.40329780265 0.07888990496133466
117681.19524349991 0.101556968987313
123284.67394420659 0.13021837016284887
129154.96650148826 0.16620747821722973
135304.77745798076 0.21103160138260507
141747.4162926805 0.26633080826215855
148496.82622544636 0.3337947348624026
155567.61439304723 0.4150210038667537
162975.08346206436 0.5112977848987973
170735.26474706922 0.6232954274607108
178864.9529057435 0.750660750457438
187381.74228603867 0.8915258823804056
196304.06500402724 1.0419748273925962
205651.23083486516 1.1955566760709941
215443.46900318866 1.3429912352821447
225701.97196339216 1.47226844387468
236448.9412645407 1.5693717852495848
247707.6355991714 1.6198186649856132
259502.42113997374 1.6110623157564463
271858.824273294 1.5355125821804978
284803.5868435805 1.3935362852782518
298364.724028334 1.1954207630323221
312571.58496882353 0.9611640205739408
327454.9162877732 0.7173587133477817
343046.9286314919 0.4914672629525478
359381.36638046254 0.3051434779759535
376493.58067924716 0.16918542655473187
394420.6059437656 0.08235889642164487
413201.24001153343 0.034521037105814036
432876.12810830615 0.012182952473400179
453487.8508128582 0.003528004481922385
475081.0162102793 0.0008138617178795514
497702.35643321136 0.00014455321755265166
521400.82879996847 1.9008878455376283e-05
546227.7217684337 1.7692380689142496e-06
572236.765935022 1.1067225032789109e-07
599484.2503189408 4.383986707072309e-09
628029.1441834259 1.0269815947208505e-10
657933.2246575683 1.3150852773392788e-12
689261.2104349695 8.409330263362139e-15
722080.9018385471 2.4200306261272155e-17
756463.3275546291 2.781021397108064e-20
792482.8983539186 1.1122625021094932e-23
830217.5681319752 1.3218557740081425e-27
869749.0026177834 3.8923223580627206e-32
911162.7561154906 2.3042835709671806e-37
954548.4566618347 2.1569004437911083e-43
1000000.0 2.4217596716427474e-50
