0.001 1.7812647748132155e-05 1.524659705022391
0.0011497569953977356 2.3547304476035815e-05 1.7529881613359173
0.0013219411484660286 3.112812612719347e-05 2.015510401171166
0.0015199110829529332 4.114889829609354e-05 2.3173471827786467
0.001747528400007683 5.439640301980017e-05 2.664386133762511
0.002009233002565048 7.190960168953563e-05 3.0633965951224575
0.0023101297000831605 9.505941626102386e-05 3.5221616639898836
0.0026560877829466868 0.00012566264918520648 4.049630010680941
0.0030538555088334154 0.00016611702163056685 4.656090431405146
0.003511191734215131 0.00021959710144639228 5.353372541447946
0.004037017258596553 0.00029029430571588167 6.155077523538054
0.004641588833612782 0.00038375177350455944 7.076843432361652
0.005336699231206312 0.0005072975501136272 8.136650230229753
0.006135907273413176 0.0006706170673294841 9.355170503889159
0.007054802310718645 0.0008865164403090618 10.756172703505092
0.008111308307896872 0.0011719228407206907 12.366984769313847
0.0093260334688322 0.0015492129997511147 14.219027189323526
0.010722672220103232 0.0020479685918923787 16.348425885698845
0.012328467394420659 0.002707294018301715 18.796716884507696
0.014174741629268055 0.00357888327567144 21.61165651368574
0.016297508346206444 0.0047310729120279985 24.848152932285053
0.01873817422860384 0.006254199876140926 28.569337160420123
0.021544346900318846 0.008267683754893982 32.84779449990903
0.024770763559917114 0.010929390174146812 37.766980363401004
0.02848035868435802 0.014448009314086734 43.4228481256616
0.03274549162877728 0.019099415826373915 49.92572074457328
0.037649358067924674 0.02524829983638328 57.4024426516254
0.04328761281083059 0.03337675971607134 65.99885387440918
0.049770235643321115 0.044122100333938895 75.88263463272196
0.05722367659350217 0.05832679950011016 87.24657586665595
0.06579332246575682 0.07710456034525803 100.31233944855981
0.07564633275546291 0.10192762777522701 115.3347813601644
0.08697490026177834 0.13474221569140135 132.6069220633642
0.1 0.17812108808169128 152.465660865633
0.11497569953977356 0.23546526144210558 175.29834551488503
0.13219411484660287 0.3112706339840297 201.55032482134712
0.1519911082952933 0.41148043859100963 231.7336310975607
0.1747528400007685 0.5439511397802304 266.43696097023826
0.2009233002565048 0.7190682772755348 306.3371480248965
0.23101297000831605 0.9505604972565472 352.2123492074683
0.26560877829466867 1.2565755171922088 404.9571993686827
0.30538555088334157 1.6611022502007877 465.6002252586756
0.3511191734215131 2.195850354138323 535.3238521208899
0.40370172585965536 2.9027341586842788 615.4873832172403
0.4641588833612782 3.8371550028616497 707.65338546233
0.5336699231206312 5.072338078395709 813.617972977054
0.6135907273413176 6.705061617745887 935.4455445620869
0.7054802310718645 8.863223802685686 1075.5086000167846
0.8111308307896873 11.71583401764834 1236.5333321030882
0.9326033468832199 15.4862002153714 1421.651762467177
1.072267222010323 20.46932617564045 1634.4612553085803
1.232846739442066 27.054847638278417 1879.0922927375666
1.4174741629268048 35.7572448265479 2160.2854158562923
1.629750834620645 47.2555949749847 2483.478202836916
1.873817422860385 62.44580013845048 2854.903035503724
2.1544346900318843 82.50907310409819 3281.6961439797515
2.4770763559917115 109.00151701994014 3772.017954786504
2.848035868435802 143.970914032119 4335.18396057123
3.2745491628777286 190.108341200122 4981.80408220538
3.7649358067924674 250.94393842034108 5723.926559038742
4.328761281083062 331.097906497419 6575.179561362266
4.9770235643321135 436.5994521862924 7550.899656116214
5.72236765935022 575.2874503758507 8668.23065133384
6.5793322465756825 757.3064528650187 9946.168917206169
7.56463327554629 995.7093599227632 11405.52188849631
8.697490026177835 1307.172242045908 13068.736756285
10.0 1712.8160091324469 14959.534328956828
11.497569953977356 2239.111643280804 17102.301040310034
13.219411484660288 2918.8202700903234 19521.13622086781
15.199110829529332 3791.884387119085 22238.49937636132
17.47528400007683 4906.142497805303 25273.387774277584
20.09233002565046 6317.701909381985 28639.0166213556
23.10129700083158 8090.752130395698 32340.029810009983
26.560877829466893 10296.58171630699 36369.35210866652
30.538555088334185 13011.619136700418 40704.89862426176
35.111917342151344 16314.211455811335 45306.472597175205
40.37017258596558 20280.225529387993 50113.28755686553
46.41588833612782 24977.469613783087 55042.61329992655
53.366992312063125 30459.287816898664 59990.07517465369
61.35907273413176 36757.85301696107 64831.938048723525
70.54802310718645 43879.411632475676 69429.72496645786
81.11308307896873 51791.64254979255 73636.97300405786
93.26033468832199 60435.7423003733 77307.80705871836
107.22672220103232 69711.40063486839 80306.57944611402
123.28467394420659 79486.78040893056 82517.60158393938
141.74741629268047 89603.4604132214 83853.87412355341
162.97508346206433 99883.67387546312 84263.77838779442
187.3817422860383 110142.55996646428 83734.92218822463
215.44346900318865 120197.49950484041 82293.96964740078
247.7076355991714 129879.50001047106 80006.55668771903
284.8035868435805 139040.8509952653 76969.77312225952
327.4549162877732 147564.8893888327 73301.96095286957
376.49358067924715 155366.1939234172 69133.58324409294
432.87612810830615 162392.7650761795 64610.81467359685
497.7023564332114 168626.38832002762 59859.70372967037
572.236765935022 174074.6800385154 55022.9850118346
657.9332246575682 178771.17683267503 50207.426444705656
756.463327554629 182766.3649125823 45508.054764043685
869.7490026177834 186124.11811515465 41000.2450391542
1000.0 188907.07891752748 36740.422838579354
