10000.0 1.0535852505250709e-31
10476.157527896641 9.626519760803851e-31
10974.987654930568 8.49636526954688e-30
11497.569953977356 7.243713871114961e-29
12045.035402587811 5.9655933131660015e-28
12618.56883066021 4.745808864526333e-27
13219.411484660288 3.646960730602061e-26
13848.863713938747 2.7071740265229633e-25
14508.287784959402 1.941178650101484e-24
15199.11082952933 1.3445565771241788e-23
15922.82793341094 8.996154402143135e-23
16681.005372000593 5.814320449743151e-22
17475.28400007683 3.629988679723273e-21
18307.382802953696 2.1891515178594428e-20
19179.10261672489 1.2752948799779228e-19
20092.33002565046 7.176449855013604e-19
21049.04144512022 3.900972932916102e-18
22051.307399030455 2.048332534648599e-17
23101.29700083158 1.0389442246386428e-16
24201.282647943834 5.090357065099018e-16
25353.644939701113 2.409175871480321e-15
26560.87782946684 1.1014201224754286e-14
27825.59402207126 4.864091680300737e-14
29150.53062825176 2.0749839483730262e-13
30538.555088334124 8.550509122474906e-13
31992.671377973846 3.4035603192137023e-12
33516.02650938841 1.3086971983396455e-11
35111.91734215135 4.8608155046664304e-11
36783.79771828634 1.7439874128696038e-10
38535.28593710528 6.044241363602773e-10
40370.17258596558 2.02350599301513e-09
42292.42874389499 6.543821362913626e-09
44306.21457583878 2.0441964007188223e-08
46415.88833612782 6.168478384320914e-08
48626.015800653535 1.7980332515446241e-07
50941.38014816386 5.062693488907851e-07
53366.99231206313 1.3769868542068396e-06
55908.10182512223 3.6177803663982533e-06
58570.20818056673 9.181610065806257e-06
61359.072734131754 2.250918319831573e-05
64280.73117284319 5.330462234272812e-05
67341.50657750828 0.00012193664725140477
70548.02310718645 0.00026944359988207784
73907.22033525775 0.00057512962498966
77426.36826811278 0.0011858447879306805
81113.08307896872 0.002361860284033844
84975.34359086439 0.004544067786860247
89021.50854450393 0.008444999794723296
93260.334688322 0.015160681677817983
97700.99572992246 0.026290694508626287
102353.10218990268 0.04404023546712324
107226.72220103232 0.07126256492641053
112332.40329780265 0.1113877703925139
117681.19524349991 0.16818134293188544
123284.67394420659 0.24529142428264714
129154.96650148826 0.34558203504622426
135304.77745798076 0.47030997980825456
141747.4162926805 0.6182746993472493
148496.82622544636 0.785132580027236
155567.61439304723 0.9630942002356618
162975.08346206436 1.1411921606401993
170735.26474706922 1.3062100941347377
178864.9529057435 1.4442139491846786
187381.74228603867 1.5424613090770272
196304.06500402724 1.5913337240029193
205651.23083486516 1.5858879452858015
215443.46900318866 1.5266798486709587
225701.97196339216 1.4196709388796693
236448.9412645407 1.2752392030822912
247707.6355991714 1.1065215133452406
259502.42113997374 0.9274538592345333
271858.824273294 0.7509119352861746
284803.5868435805 0.5872864023827292
298364.724028334 0.44368538965892307
312571.58496882353 0.3237908366360459
327454.9162877732 0.22825390902537993
343046.9286314919 0.15543046193228383
359381.36638046254 0.10223940076546291
376493.58067924716 0.0649627942395337
394420.6059437656 0.03987267219671852
413201.24001153343 0.023640150199242572
432876.12810830615 0.013539086553608803
453487.8508128582 0.0074901883998153
475081.0162102793 0.004002767476822834
497702.35643321136 0.002066294535098017
521400.82879996847 0.0010303584464512875
546227.7217684337 0.0004963050428582815
572236.765935022 0.00023092623995907033
599484.2503189408 0.00010379158027808884
628029.1441834259 4.5062492347396444e-05
657933.2246575683 1.8898726331059833e-05
689261.2104349695 7.656214772787148e-06
722080.9018385471 2.996124964998925e-06
756463.3275546291 1.132582854282657e-06
792482.8983539186 4.135654843945519e-07
830217.5681319752 1.4587565969955084e-07
869749.0026177834 4.970334575778282e-08
911162.7561154906 1.6358845805500885e-08
954548.4566618347 5.200965076164361e-09
1000000.0 1.5972741386540957e-09
