0.001 4.878726743415805e-05 3.214925419194667
0.0011497569953977356 7.778417097300188e-05 3.7684831522070903
0.0013219411484660286 0.0001084729895253396 3.4793694296439734
0.0015199110829529332 0.00012125900867563085 4.682383204527847
0.001747528400007683 0.00021514539209281598 4.538082471622484
0.002009233002565048 0.00027171058912209484 5.114344808821311
0.0023101297000831605 0.00028608727906644413 6.16383889339169
0.0026560877829466868 0.000418310766646921 7.236976996563339
0.0030538555088334154 0.0004407119905946996 8.332428051687726
0.003511191734215131 0.000709888628750776 9.557701909112115
0.004037017258596553 0.0008586580460712389 11.365894234834423
0.004641588833612782 0.001477528866549508 13.939461407211411
0.005336699231206312 0.0015217177842512886 15.996288659753873
0.006135907273413176 0.0020510013909676565 15.77918960357452
0.007054802310718645 0.0025831298711275308 23.436075523238195
0.008111308307896872 0.003672855278031976 20.317359172581227
0.0093260334688322 0.004643147911983041 28.672266830033585
0.010722672220103232 0.005954588300125709 31.276874166930483
0.012328467394420659 0.009276429627618673 34.76773547165552
0.014174741629268055 0.012356585490766719 36.95699924562403
0.016297508346206444 0.01397138668351356 47.55949854815457
0.01873817422860384 0.01894267549158422 64.15966916750673
0.021544346900318846 0.02968525790633894 75.04416423660004
0.024770763559917114 0.03403120742241729 72.06309167236321
0.02848035868435802 0.048494342932608 85.7156593417841
0.03274549162877728 0.062209198342479816 90.63531030575444
0.037649358067924674 0.0986067659807274 105.78545407170208
0.04328761281083059 0.11567369367671022 134.68381800204872
0.049770235643321115 0.1586906167037125 139.55848493594777
0.05722367659350217 0.17553894098436243 171.02710712485106
0.06579332246575682 0.23298937037636835 217.6980667257169
0.07564633275546291 0.34431316591897665 243.0707932333085
0.08697490026177834 0.3897613065506397 261.2779929724494
0.1 0.5780892584584867 298.34537052037
0.11497569953977356 0.7228158887718272 345.3550296198902
0.13219411484660287 0.9579987729769907 357.9870521223538
0.1519911082952933 1.3143706225959144 453.42821890870874
0.1747528400007685 1.7515152086285384 522.0975935008522
0.2009233002565048 2.181443426214415 505.52136803231446
0.23101297000831605 2.686593939619449 673.751598634639
0.26560877829466867 3.894296805188948 847.6824704807116
0.30538555088334157 5.430311687263582 809.9072132688599
0.3511191734215131 7.521728999163376 1086.546715066023
0.40370172585965536 8.319932262381608 965.6519662714006
0.4641588833612782 15.005635810345336 1389.8284784134082
0.5336699231206312 14.477461155890596 1256.6189962637754
0.6135907273413176 18.065127510742634 1637.7745938662645
0.7054802310718645 26.07985864687563 2182.9927944700426
0.8111308307896873 33.40509440543543 2141.443840388258
0.9326033468832199 49.904448283747996 2418.223264641385
1.072267222010323 77.34094311606678 2824.5157940393824
1.232846739442066 84.51372821407578 3317.3847850822435
1.4174741629268048 114.84743010430009 4289.9640857165305
1.629750834620645 153.49670950081347 4835.818448783742
1.873817422860385 201.0838590190306 5443.141202544738
2.1544346900318843 273.92835225739117 6469.525723282278
2.4770763559917115 365.4222103811444 7458.497289156925
2.848035868435802 476.3838280748779 7607.39390420257
3.2745491628777286 600.2190659815814 9119.295007058548
3.7649358067924674 785.7753311856758 11385.480489472642
4.328761281083062 929.9433726743379 11200.190647573625
4.9770235643321135 1357.595823286455 13773.097909464
5.72236765935022 1560.3873376225004 15486.139618737057
6.5793322465756825 2437.150578738637 18773.862377010708
7.56463327554629 3383.962128304171 24048.216588630523
8.697490026177835 4068.0635794185687 23132.83622715088
10.0 5648.979866094258 30036.84812010146
11.497569953977356 6394.431289623525 25663.32613556468
13.219411484660288 8145.913874067483 30674.86219016138
15.199110829529332 11664.172691094538 39749.90844706358
17.47528400007683 13318.660356346882 44859.82774989686
20.09233002565046 18213.557596332445 47749.1099105114
23.10129700083158 19914.788653087984 50358.46096793984
26.560877829466893 28735.559344469904 53440.81887595979
30.538555088334185 30832.921027377353 63757.77764568751
35.111917342151344 37879.3345641911 78565.58820023228
40.37017258596558 52764.14158114392 83414.23120462018
46.41588833612782 51644.33821394512 63020.841771736494
53.366992312063125 55990.49111649613 76059.88461052011
61.35907273413176 82148.6813961411 79157.68733994482
70.54802310718645 81648.60298657017 78631.14761933434
81.11308307896873 88995.61941408105 79702.83242815894
93.26033468832199 120096.58478749444 94043.17980055048
107.22672220103232 117571.33244991265 91858.04560767859
123.28467394420659 124046.70989834245 83019.49200685997
141.74741629268047 135441.22377367402 87411.7482560877
162.97508346206433 142659.93577268094 79240.54743830924
187.3817422860383 148792.35742818395 85910.5193534558
215.44346900318865 166858.96414543234 77042.31278924482
247.7076355991714 182529.7279954261 75793.1426715621
284.8035868435805 185069.82874620875 70816.32193437021
327.4549162877732 170753.17541041362 63238.849896427244
376.49358067924715 153540.80725898832 55648.083802830464
432.87612810830615 192666.47707905702 53337.18582656012
497.7023564332114 205461.36536278087 47430.22342671141
572.236765935022 222721.39422975905 49329.91103817268
657.9332246575682 189375.8308483924 34771.034999302334
756.463327554629 216684.90107124555 39813.81541024314
869.7490026177834 203124.71787102043 32912.851173894654
1000.0 225243.36340029415 30834.78147396115
