0.0003630780547701021 2.904051287962938 325.5260979282494
0.0004293999137449047 4.212659552341352 391.5527233115301
0.0005078364927367535 5.5212678167197655 457.5793486948108
0.0006006007339544481 7.5727161853173595 540.2765687643885
0.0007103098079515302 10.577005869031561 671.6567573743869
0.0008400589522263324 13.581295552745761 803.0369459843853
0.0009935087975918226 17.743357432155705 951.5369964287214
0.0011749886460663658 28.77783631934924 1116.4745953734168
0.001389618614079031 39.81231520654284 1281.4121943181135
0.0016434540870328184 56.5793020444069 1509.7849065718747
0.0019436565607426914 77.45913585640277 1783.6697953584883
0.0022986956897218564 98.88233690472208 2057.554684145102
0.002718588242732946 146.48595933952745 2459.122104684795
0.003215180707290618 194.0895817743331 2885.49319585202
0.003802483516276014 244.84311522684692 3339.313018014353
0.004497066326245486 326.52877487325327 4062.679378548624
0.005318525499475991 408.2144345196607 4786.045739082904
0.006290036978883591 572.4409573456915 5605.486252012214
0.007439010154152906 809.7175820798219 6605.321317044976
0.008797861166694135 1046.9942068139524 7605.156382077739
0.010404927470789103 1372.7414079496612 8897.217368517378
0.012305549453568185 1983.9444532560908 10593.502757255517
0.014553349629714246 2595.147498562518 12289.78814599365
0.01721174550099339 3483.9832476347015 14581.466409357197
0.020355738763130574 4506.691204550096 17488.682419043977
0.024074031339174833 5529.399161465487 20395.898428730747
0.028471527939300405 7869.0262885398815 23269.774240793784
0.03367229575211429 10308.142339006 26132.34409475173
0.03982306476965686 12750.844782242448 28994.889405315724
0.047097367501255316 17130.19932144464 31844.181283141213
0.05570043487055834 21509.553860646807 34693.47316096669
0.0658749864243818 25888.908399849 37493.53968706467
0.0779080782133396 31131.21043655112 39677.05868277558
0.09213920154447758 36479.14297605924 41860.577678486494
0.10896986109715442 42093.991412257674 43867.5847683543
0.12887490263089674 49269.79104175886 44842.33235822837
0.15241590987544026 56445.59067126008 45817.07994810244
0.1802570485712939 63445.39267757212 46698.10292243542
0.21318380467096862 70391.75926093997 47243.146978345685
0.25212514536436925 77338.1258443078 47788.19103425594
0.29817972816047117 82786.24257297254 48075.32145187965
0.35264689746577554 87449.3607862154 48075.32145187965
0.4170633431703666 92112.47899945827 48075.32145187965
0.4932464554953983 98230.97345978221 48075.32145187965
0.5833455992784078 104892.46362650435 48075.32145187965
0.6899027543050631 111553.95379322654 48075.32145187965
0.8159242325415275 117043.46114329417 47738.824751927656
0.964965495635788 122240.64945364198 47193.78069601739
1.1412314656560096 127437.83776398978 46648.73664010713
1.3496951591468485 132151.40882872723 45728.79412203251
1.5962379915430136 136794.28160967847 44754.046532158434
1.8878157103681594 141455.37434416157 43779.29894228436
2.232654638715761 146241.10212309443 43223.564377633906
2.640483765656808 151026.82990202727 42692.429403505375
3.122809231573584 155592.2814183774 42002.690267316015
3.693238952512719 159274.5882893727 41057.03910152127
4.367866542230013 162956.89516036806 40111.38793572652
5.165725363573433 166748.49082624188 39768.78603462529
6.109325519419843 170671.1441932912 39768.78603462529
7.225288933365862 174593.79756034046 39768.78603462529
8.545100437793774 178698.18305394088 39178.073422130474
10.105996059865268 182876.870484699 38345.845496714595
11.952013566780373 187055.5579154571 37513.61757129874
14.135234909482723 189067.2596718394 37332.0965080842
16.71725561804913 191000.08647072525 37332.0965080842
19.77092260502251 192932.91326961113 37332.0965080842
23.382389405576774 197138.6638744294 37332.0965080842
27.653546839293053 201733.07461056503 37332.0965080842
32.70489767014951 206072.67581988528 38438.52042803041
38.67895636790918 208330.61275929 40767.60735678869
45.744269888852486 210588.5496986947 43096.69428554698
54.10017291470406 212887.76761097627 44963.00328330035
63.98241170997721 215373.59237003763 46658.26018503668
75.66979526441372 217859.41712909902 48353.517086773034
89.49206137013113 221393.09083335585 50515.862207286256
105.8391795602193 226280.97609814056 54055.60616273268
125.17235337389519 231168.86136292535 57595.35011817915
148.03703235666686 237369.0902398985 61634.40595447046
175.07830090489625 244838.71330175194 66708.96654365023
207.0590781223873 252308.3363636055 71783.52713283006
244.8816421641078 260772.68306918463 78439.33677875316
289.6130863363803 270745.30841594783 87492.76127350559
342.51542515005696 280717.9337627109 96565.60983572065
405.0811997129955 287617.5177142689 106669.8763802059
479.0755870017575 293912.01165659406 116774.14292469127
566.586201047323 300206.50559891923 128713.59053821715
670.0819910826733 314194.60615197284 145526.18788237133
792.4828983539194 328966.1697000087 162338.7852265253
937.2422368323931 343221.534333222 179699.94004081588
1108.444122046265 354819.64773445134 197550.19329876
1310.9186968049878 366417.7611356805 215400.44655670383
1550.3784046961302 379928.8123981921 236150.63542262337
1833.5791560578248 399675.7398384266 257701.04236904535
2168.5109334251015 419422.66727866104 279251.44931546727
2564.623214028244 443760.4476753332 307692.76394125284
3033.09156921976 470330.5933832397 337294.96582187654
3587.132962437066 496900.73909114656 368434.150720785
4242.37864124642 518872.6351335248 411894.8161496042
5017.315143923823 540487.2966401351 455355.4815784234
5933.805862753281 562101.9581467452 498816.1470072423
