16536.569448043312  -0.0009119332985929596
18516.600824320158  -0.003759398496240518
20397.456865117667  -0.005240655644511705
22653.813746396685  -0.005341323606044668
25159.76774212778  -0.005341323606044668
27942.92916522729  0.0003967502013364488
31033.96256816459  0.0035174570088591928
34466.92460147489  0.0035174570088591928
38279.63924601763  0.0035174570088591928
42514.11455324756  0.0035174570088591928
47217.005485094574  0.0035174570088591928
52440.127952968345  0.0074435075086456415
58241.02971951068  0.009054194893173939
64683.62445322592  0.014490264815955722
71838.89592193026  0.019120991046473357
79785.68008374082  0.027778435738310847
88611.5336925964  0.03636397474333952
98413.69898850127  0.04919554455445585
109548.67261604079  0.06732176977096227
121390.90797288388  0.08294447865839238
134819.11190735237  0.0993533563882707
149732.73731132594  0.11233952342602693
166296.10079429633  0.13831185750153985
185767.08594273028  0.18743344586174904
197222.3550068185  0.2541543628047018
206693.3531129595  0.3204149055256402
212211.841975935  0.3877314728653318
218449.90081163013  0.4611810466760966
225342.91882012197  0.5168544150333403
226548.72947852005  0.5746135139829778
232939.60775497725  0.6647228977283692
238240.13131071508  0.726369347461062
240591.97371577212  0.8048260950781796
244317.6490938804  0.8807674352961616
247815.0513869017  0.9631318394997395
252271.80869909938  1.0234158081800084
257149.20451839632  1.13581726593712
259785.11289698677  1.2099016581820128
263450.32434317545  1.3108414600858582
269689.98697841726  1.382148154086664
271919.68852441036  1.4799029683670124
278334.0101350763  1.5412520747688803
282863.1173451362  1.5974846674950898
284416.9602865751  1.6643785205588228
291676.34220441035  1.713245337691664
293091.845954253  1.7697755113857252
302869.2773951566  1.8175380991375187
330466.6822370889  1.8230399063298144
351267.8491997813  1.7281153378495746
352162.4243201798  1.6759075907590761
368337.8468185864  1.5208466323606045
377676.43068048864  1.4252287070812346
378191.3924793305  1.3510916612606483
389876.9414078657  1.2558865535676376
390497.20857825666  1.181873697238145
396754.4142596898  1.1217539517109607
404717.1046401256  1.0567157373632101
409571.22276052175  1.0040059927045337
409571.22276052175  0.953206422615946
415473.0756616091  0.8926437380580166
423474.71594612795  0.831134271321869
425093.4423773678  0.7669081118638184
428553.81012978463  0.7176182256383534
434383.79901921476  0.6465172833072783
442046.3778171271  0.576791297550808
453578.0679644026  0.5027150177423758
474826.6518049315  0.34919445891957657
483971.3889439032  0.27854392582115395
500400.5044048406  0.20785999652596887
526514.1005498258  0.13270800764286994
584570.9533478383  0.07173006774361657
682248.3517492062  0.036972776224990955
809126.76838971  0.0204533611255866
982508.1565792634  0.006575845554480431
1209150.9093497721  -0.00020725756786177385
1342906.6021725275  -0.005341323606044668
1491458.2854908942  -0.005945331375242446
1656442.684666801  -0.00030792552939473694
1839677.5788355875  -0.0009119332985929596
2043181.8289874294  -0.0009119332985929596
2269197.621545564  -0.0009119332985929596
2520215.1725184205  -0.0009119332985929596
2707103.580633722  -0.0009119332985929596

